0.1652713, 0.2186673
0.1711545, 0.216848
0.1753227, 0.2141491
0.17743, 0.2117763
0.1804669, 0.207954
0.1825772, 0.2051814
0.1842845, 0.2015171
0.1856177, 0.1975761
0.1860456, 0.1943061
0.1860197, 0.1920225
0.1854137, 0.1899619
0.1844181, 0.1886281
0.1832028, 0.187776
0.1817605, 0.1874826
0.1801466, 0.1881355
0.1784417, 0.1891762
0.177345, 0.1908212
0.1762818, 0.1931922
0.1753105, 0.1965075
0.1749305, 0.2004158
0.1754513, 0.2042466
0.1767576, 0.2079255
0.1785944, 0.211596
0.1808483, 0.2150854
0.1832674, 0.2186401
0.1859123, 0.2221764
0.1882213, 0.2252294
0.1901472, 0.2279097
0.1914733, 0.2297581
0.1924445, 0.2312065
0.1931483, 0.2324044
0.1938609, 0.2335909
0.1942282, 0.234506
0.1939661, 0.2353675
0.1928749, 0.2356369
0.1913368, 0.2357637
0.188741, 0.2360731
0.1845735, 0.236793
0.1794778, 0.2378857
0.1729745, 0.2389182
0.1665699, 0.2395313
0.1592846, 0.2389926
0.1511052, 0.2370953
0.1429591, 0.2338022
0.1340156, 0.2281106
0.1253973, 0.2204423
0.1175534, 0.211425
0.1114207, 0.2029632
0.1064051, 0.1944838
0.1013989, 0.1853516
0.09717539, 0.1764469
0.09225599, 0.1673799
0.08857819, 0.1601176
0.08405901, 0.1516986
0.08007516, 0.1433206
0.07647415, 0.1339882
0.0735146, 0.1223538
0.07170815, 0.1091074
0.07130127, 0.09435954
0.07224009, 0.08152181
0.07405449, 0.06946802
0.07656305, 0.05712944
0.07934912, 0.04714903
0.08276436, 0.04010414
0.08525848, 0.03539324
0.08683521, 0.03140005
0.08742336, 0.02822159
0.08558384, 0.02476782
0.08249433, 0.02144436
0.07796461, 0.01729381
0.07345693, 0.01206387
0.06994025, 0.005404731
0.06846694, -0.001830004
0.06893895, -0.009493281
0.07127125, -0.01823781
0.07590091, -0.02710237
0.08192582, -0.0362507
0.0895018, -0.04631566
0.09685534, -0.05582285
0.1043105, -0.06574838
0.1125109, -0.07876651
0.1203067, -0.0930544
0.128293, -0.1083562
0.1356263, -0.1234204
0.1431998, -0.1408194
0.1507556, -0.1600237
0.1576687, -0.1810053
0.1644449, -0.2070755
0.1701154, -0.2354884
0.1745722, -0.2658177
0.1777915, -0.2933739
0.1814791, -0.3222883
0.1867985, -0.3555554
0.1942777, -0.388193
0.2036392, -0.4205835
0.212733, -0.4491008
0.2222238, -0.4773183
0.2315805, -0.5053144
0.2404881, -0.5349066
0.2508739, -0.5696327
0.262312, -0.6043853
0.2753836, -0.6394949
0.2885023, -0.6701989
0.3040872, -0.7020521
0.3236992, -0.7389456
0.3440195, -0.7754146
0.3640341, -0.8122212
0.3801661, -0.8450346
0.3943, -0.8786568
0.4071766, -0.9122534
0.4191174, -0.9455092
0.4317947, -0.9829569
0.443841, -1.019923
0.4548994, -1.056881
0.4631852, -1.089487
0.4698606, -1.122159
0.4750529, -1.154872
0.4789711, -1.188119
0.4828008, -1.225605
0.4871755, -1.263149
0.4926263, -1.300262
0.4990712, -1.333185
0.5069602, -1.366985
0.5172067, -1.405194
0.5278423, -1.442579
0.5376856, -1.47888
0.5457619, -1.510691
0.5537133, -1.542896
0.5624848, -1.574715
0.5721425, -1.606345
0.5843052, -1.641456
0.5967718, -1.675457
0.6099305, -1.708285
0.6216114, -1.736696
0.6325619, -1.764591
0.6435153, -1.795969
0.652688, -1.827165
0.6604519, -1.857251
0.6666418, -1.882505
0.6721032, -1.906514
0.6768911, -1.930226
0.6808971, -1.953957
0.6843657, -1.981964
0.6863742, -2.010218
0.687722, -2.037273
0.6887224, -2.060776
0.6901088, -2.085121
0.692404, -2.112305
0.6961055, -2.138303
0.7002274, -2.163956
0.7042227, -2.187065
0.7081861, -2.209616
0.7116334, -2.230737
0.7145592, -2.251269
0.7142655, -2.275458
0.718349, -2.298725
0.7234282, -2.322713
0.7289652, -2.344235
0.7355093, -2.365879
0.7426171, -2.387433
0.7504773, -2.409308
0.7600721, -2.434871
0.7694969, -2.460101
0.778622, -2.485049
0.7776993, -2.508525
0.7767766, -2.532
0.7758539, -2.555476
0.7749313, -2.578952
0.7740086, -2.602427
0.7730859, -2.625903
0.7721632, -2.649379
0.7712405, -2.672854
0.7703179, -2.69633
0.7693952, -2.719805
0.7684724, -2.74328
0.75673, -2.753991
0.7473099, -2.763381
0.7393811, -2.773582
0.7335835, -2.784088
0.7306568, -2.793963
0.729949, -2.806102
0.7319432, -2.819358
0.7357071, -2.832998
0.7396507, -2.84602
0.7446252, -2.860605
0.7512569, -2.87927
0.7588857, -2.899933
0.7675021, -2.922336
0.7759259, -2.943283
0.7851229, -2.965161
0.7952115, -2.988046
0.8058327, -3.011532
0.8180677, -3.037419
0.8301632, -3.062338
0.8417853, -3.086671
0.8512278, -3.109017
0.8598309, -3.132869
0.8691516, -3.16017
0.8777192, -3.187333
0.8854465, -3.215364
0.8916478, -3.241307
0.8974007, -3.268131
0.9024022, -3.2958
0.906577, -3.324858
0.9100546, -3.359165
0.9115657, -3.39439
0.9111007, -3.430671
0.9095275, -3.464313
0.9082655, -3.499517
0.9085733, -3.539973
0.9106946, -3.580056
0.9138833, -3.619482
0.9177663, -3.653044
0.9216374, -3.686049
0.9253016, -3.719618
0.9288747, -3.754441
0.9332426, -3.794714
0.9385691, -3.834518
0.944894, -3.873908
0.9514446, -3.907912
0.9588686, -3.941346
0.9672952, -3.974012
0.976077, -4.006583
0.9846879, -4.043539
0.9910008, -4.080498
0.9950303, -4.116826
0.9975521, -4.147374
0.9994938, -4.176991
1.001496, -4.211179
1.00298, -4.24547
1.003273, -4.279902
1.001971, -4.310578
0.9987899, -4.340943
0.9940906, -4.371238
0.9883483, -4.401277
0.9811487, -4.435966
0.9740621, -4.471648
0.9684992, -4.50715
0.9650323, -4.537652
0.9624071, -4.567451
0.9604604, -4.601017
0.9590693, -4.632443
0.9574927, -4.662172
0.955818, -4.688046
0.9540323, -4.714338
0.9526859, -4.7412
0.9520069, -4.768725
0.9525, -4.800696
0.9546354, -4.832789
0.9591638, -4.865219
0.9650133, -4.894298
0.9720364, -4.923966
0.9807156, -4.95772
0.9895316, -4.991346
0.9975288, -5.02457
1.003579, -5.053661
1.009181, -5.082779
1.01456, -5.111359
1.020067, -5.138968
1.026586, -5.170217
1.032908, -5.202049
1.039046, -5.238757
1.042884, -5.272552
1.044811, -5.29409
1.047526, -5.32427
1.050003, -5.35482
1.053543, -5.390157
1.05875, -5.426135
1.066024, -5.46081
1.075098, -5.492869
1.084364, -5.519395
1.097852, -5.55229
1.111784, -5.583471
1.125977, -5.61394
1.140997, -5.643785
1.157168, -5.673307
1.173297, -5.699609
1.195983, -5.730789
1.216393, -5.754773
1.245827, -5.785185
1.274571, -5.811756
1.303118, -5.838477
1.325577, -5.861203
1.347467, -5.884945
1.373168, -5.914687
1.397693, -5.94373
1.418747, -5.968357
1.439772, -5.99282
1.461551, -6.017849
1.483618, -6.043791
1.508246, -6.074337
1.531573, -6.106407
1.554387, -6.140044
1.574014, -6.17082
1.593765, -6.20176
1.617366, -6.237569
1.641974, -6.27229
1.667718, -6.305236
1.690823, -6.33335
1.716873, -6.364002
1.73782, -6.388663
1.763197, -6.419679
1.785035, -6.447104
1.808931, -6.476778
1.833535, -6.505574
1.857804, -6.53157
1.883453, -6.556808
1.910561, -6.581687
1.938315, -6.605065
1.969495, -6.631312
2.000584, -6.658643
2.030537, -6.687212
2.05474, -6.713623
2.077363, -6.740129
2.101709, -6.769872
2.12513, -6.798949
2.150429, -6.830398
2.170444, -6.856083
2.190737, -6.883394
2.208858, -6.909323
2.226157, -6.935947
2.243283, -6.96488
2.258965, -6.994865
2.274353, -7.027894
2.285513, -7.05371
2.298941, -7.08422
2.316511, -7.121833
2.334179, -7.154974
2.351036, -7.184617
2.363902, -7.20632
2.377463, -7.228664
2.394789, -7.257544
2.405792, -7.275982
2.418977, -7.298621
2.430052, -7.317371
2.441534, -7.336572
2.453194, -7.355686
2.466038, -7.376171
2.479004, -7.39601
2.493175, -7.416536
2.506788, -7.43529
2.521338, -7.453978
2.538914, -7.475267
2.558282, -7.497552
2.579249, -7.521403
2.59996, -7.544742
2.624058, -7.572162
2.645234, -7.59659
2.666103, -7.620728
2.680751, -7.638525
2.6954, -7.656323
2.710048, -7.67412
2.724697, -7.691918
2.739345, -7.709715
2.753994, -7.727513
2.768642, -7.74531
2.78329, -7.763108
2.797939, -7.780905
2.812587, -7.798703
2.827236, -7.8165
2.841884, -7.834298
2.856533, -7.852095
2.871181, -7.869893
2.885829, -7.88769
2.900478, -7.905488
2.915126, -7.923285
2.929775, -7.941082
2.944423, -7.95888
2.959072, -7.976677
2.97372, -7.994475
2.988368, -8.012274
2.991877, -8.021962
2.996886, -8.035669
3.001621, -8.047244
3.008713, -8.062647
3.016362, -8.076794
3.025545, -8.091225
3.034838, -8.10451
3.044808, -8.11832
3.055575, -8.132722
3.066681, -8.147945
3.077973, -8.164077
3.088672, -8.180122
3.102121, -8.201922
3.113658, -8.222897
3.124344, -8.245496
3.133486, -8.269043
3.141311, -8.292623
3.148614, -8.316636
3.154576, -8.338305
3.15984, -8.361365
3.16423, -8.38539
3.167315, -8.40959
3.169059, -8.434054
3.169176, -8.458135
3.16831, -8.485651
3.16716, -8.513806
3.165971, -8.542662
3.165212, -8.571753
3.165718, -8.600096
3.167603, -8.628593
3.169784, -8.653374
3.171871, -8.677042
3.173338, -8.699964
3.174145, -8.723314
3.174766, -8.747137
3.175854, -8.770739
3.177921, -8.797744
3.181085, -8.824574
3.185133, -8.850647
3.190196, -8.876146
3.19575, -8.900818
3.201037, -8.924655
3.204714, -8.9454
3.207329, -8.966578
3.209281, -8.987968
3.210188, -9.009542
3.210631, -9.029797
3.210824, -9.049391
3.210557, -9.068316
3.20967, -9.087021
3.207807, -9.108734
3.205108, -9.130532
3.201405, -9.151084
3.197214, -9.17072
3.193197, -9.190496
3.189848, -9.211246
3.187811, -9.23083
3.186976, -9.251623
3.187627, -9.273422
3.189812, -9.295706
3.192608, -9.317683
3.196085, -9.339506
3.201123, -9.364427
3.207875, -9.390107
3.216604, -9.416363
3.227481, -9.443075
3.240572, -9.469677
3.256381, -9.495668
3.272331, -9.517739
3.290394, -9.539347
3.310158, -9.560136
3.33099, -9.580762
3.352251, -9.601529
3.373569, -9.622057
3.396701, -9.645909
3.418894, -9.670813
3.440544, -9.696257
3.461477, -9.721869
3.482535, -9.747906
3.504035, -9.774688
3.522592, -9.79931
3.540521, -9.825109
3.557526, -9.85215
3.573658, -9.880879
3.588986, -9.910409
3.603312, -9.940232
3.620741, -9.974874
3.639573, -10.00868
3.660444, -10.04075
3.68397, -10.07147
3.709189, -10.10024
3.734305, -10.12764
3.75643, -10.15136
3.779407, -10.17576
3.802941, -10.20033
3.827525, -10.22457
3.853491, -10.24832
3.88128, -10.27097
3.914833, -10.29588
3.95051, -10.31964
3.987217, -10.34314
4.022466, -10.36698
4.055297, -10.39162
4.086443, -10.41826
4.112409, -10.44216
4.137571, -10.46593
4.162524, -10.48945
4.188132, -10.51313
4.214407, -10.53756
4.240024, -10.56283
4.268634, -10.59286
4.296229, -10.62466
4.323044, -10.65796
4.349852, -10.69215
4.377608, -10.72685
4.406651, -10.76023
4.432213, -10.78723
4.458375, -10.81207
4.482617, -10.83367
4.511802, -10.85873
4.538271, -10.88093
4.564902, -10.90313
4.596194, -10.92869
4.628319, -10.95402
4.661521, -10.97843
4.696934, -11.00224
4.734795, -11.02557
4.772999, -11.04782
4.806378, -11.06692
4.839584, -11.08649
4.870842, -11.10686
4.900347, -11.12831
4.929101, -11.15052
4.957054, -11.17262
4.984992, -11.19458
5.013647, -11.21635
5.047223, -11.24204
5.080441, -11.26906
5.112143, -11.29753
5.14284, -11.3286
5.172946, -11.36158
5.201739, -11.39487
5.227425, -11.42389
5.25324, -11.45216
5.278767, -11.4777
5.305247, -11.50129
5.332635, -11.52427
5.35966, -11.54612
5.389771, -11.5703
5.419559, -11.59491
5.449798, -11.62036
5.480618, -11.64551
5.512458, -11.66978
5.545401, -11.69274
5.57473, -11.71184
5.604199, -11.72984
5.634602, -11.74772
5.664524, -11.76562
5.692622, -11.78364
5.718436, -11.80251
5.746737, -11.82465
5.773477, -11.84651
5.799157, -11.86811
5.824787, -11.88943
5.850711, -11.911
5.875837, -11.93282
5.897248, -11.95261
5.918071, -11.97363
5.938091, -11.9953
5.956951, -12.01747
5.975365, -12.04052
5.993902, -12.06435
6.015697, -12.09208
6.037209, -12.11825
6.059266, -12.14137
6.081668, -12.16317
6.104832, -12.18338
6.12758, -12.20177
6.146716, -12.21683
6.164991, -12.23159
6.182935, -12.24636
6.20064, -12.26098
6.217967, -12.27515
6.235263, -12.28864
6.255361, -12.3036
6.275352, -12.31784
6.295543, -12.33117
6.316121, -12.34379
6.337023, -12.35584
6.358579, -12.36729
6.378431, -12.37758
6.398931, -12.3885
6.419096, -12.39924
6.438928, -12.4101
6.458682, -12.42118
6.478081, -12.43249
6.499663, -12.44573
6.522737, -12.44949
6.54581, -12.45325
6.568884, -12.45701
6.591958, -12.46078
6.615031, -12.46454
6.638105, -12.4683
6.661179, -12.47206
6.684252, -12.47582
6.707326, -12.47958
6.7304, -12.48334
6.753473, -12.4871
6.776547, -12.49087
6.799621, -12.49463
6.822694, -12.49839
6.845768, -12.50215
6.868842, -12.50591
6.891915, -12.50967
6.914989, -12.51343
6.938063, -12.51719
6.961136, -12.52096
6.98421, -12.52472
7.007284, -12.52848
7.030357, -12.53224
7.053431, -12.536
7.076505, -12.53976
7.099578, -12.54352
7.122652, -12.54729
7.145724, -12.55105
7.155722, -12.56668
7.163854, -12.58128
7.171527, -12.59456
7.179358, -12.60629
7.185963, -12.6148
7.192302, -12.62204
7.198324, -12.62893
7.204552, -12.63549
7.210872, -12.64182
7.216556, -12.64778
7.222669, -12.65408
7.229341, -12.66066
7.236534, -12.66778
7.244383, -12.67504
7.253684, -12.68258
7.264332, -12.69043
7.274652, -12.69738
7.285233, -12.70438
7.296166, -12.71135
7.307189, -12.71802
7.318649, -12.7246
7.330663, -12.73117
7.343365, -12.73757
7.356419, -12.7438
7.371486, -12.75069
7.38653, -12.75757
7.402504, -12.76481
7.418367, -12.77117
7.434477, -12.77729
7.451396, -12.78476
7.465776, -12.79182
7.479753, -12.79986
7.493515, -12.80897
7.506993, -12.81901
7.520617, -12.83006
7.534692, -12.84255
7.550821, -12.85813
7.567277, -12.87547
7.583551, -12.89462
7.599101, -12.91545
7.614177, -12.93801
7.629033, -12.96168
7.642104, -12.98305
7.655794, -13.00456
7.670316, -13.02547
7.686168, -13.04624
7.70336, -13.06629
7.721122, -13.08534
7.74063, -13.10626
7.760555, -13.12747
7.782656, -13.14966
7.806602, -13.17191
7.832186, -13.19339
7.859282, -13.21376
7.884988, -13.23065
7.913052, -13.2464
7.942049, -13.26114
7.971689, -13.27599
8.001026, -13.29106
8.028493, -13.30714
8.058742, -13.32743
8.088392, -13.34872
8.117149, -13.37029
8.145612, -13.39168
8.174896, -13.41358
8.20433, -13.43616
8.229573, -13.45661
8.25412, -13.47832
8.27861, -13.50173
8.30279, -13.52631
8.326344, -13.55205
8.349506, -13.57751
8.3755, -13.60553
8.401067, -13.63048
8.427444, -13.65316
8.455063, -13.67425
8.482658, -13.69385
8.509746, -13.71248
8.533546, -13.72888
8.558033, -13.74586
8.583165, -13.76302
8.609168, -13.77994
8.636342, -13.79622
8.664597, -13.81129
8.698599, -13.82722
8.734926, -13.8417
8.772308, -13.85504
8.810077, -13.86817
8.847601, -13.88188
8.883327, -13.89752
8.913296, -13.91262
8.942192, -13.92825
8.970304, -13.94385
8.997694, -13.95927
9.024851, -13.97464
9.052324, -13.99033
9.083763, -14.00893
9.114684, -14.02947
9.144456, -14.05187
9.171997, -14.07548
9.199024, -14.10019
9.226698, -14.12563
9.252213, -14.1478
9.277027, -14.16851
9.300956, -14.18708
9.324982, -14.20439
9.349982, -14.22049
9.374485, -14.23533
9.3985, -14.24905
9.421686, -14.26262
9.449135, -14.27879
9.478066, -14.29538
9.508347, -14.31129
9.539762, -14.32594
9.572039, -14.33841
9.605923, -14.34827
9.636818, -14.35537
9.668, -14.36152
9.699341, -14.3677
9.730227, -14.37399
9.759767, -14.38125
9.788086, -14.38996
9.819236, -14.40065
9.848631, -14.41181
9.876908, -14.42255
9.904808, -14.43293
9.933132, -14.44354
9.961212, -14.45467
9.985519, -14.46486
10.0092, -14.47607
10.0329, -14.48803
10.05638, -14.5012
10.07993, -14.51552
10.10392, -14.53068
10.13258, -14.54842
10.16159, -14.56581
10.19083, -14.58213
10.22003, -14.59654
10.24938, -14.60957
10.27875, -14.62086
10.30368, -14.62962
10.32746, -14.63749
10.35056, -14.64492
10.37388, -14.65226
10.39781, -14.65988
10.42214, -14.66744
10.45057, -14.67564
10.47952, -14.68272
10.50802, -14.6886
10.5363, -14.69329
10.56474, -14.69696
10.5941, -14.69984
10.62093, -14.70228
10.64783, -14.70463
10.67392, -14.70739
10.69856, -14.71101
10.72279, -14.71545
10.74724, -14.7209
10.77371, -14.72781
10.7981, -14.73478
10.82157, -14.74192
10.84493, -14.74911
10.86798, -14.75691
10.89027, -14.76546
10.90894, -14.7737
10.92706, -14.78301
10.94438, -14.7934
10.96071, -14.80456
10.97646, -14.81662
10.99223, -14.82936
11.01055, -14.84398
11.02822, -14.85868
11.04513, -14.87283
11.06152, -14.88625
11.07804, -14.89879
11.09479, -14.91058
11.10896, -14.91994
11.12223, -14.92854
11.13476, -14.93676
11.14688, -14.94501
11.15931, -14.95364
11.17217, -14.9622
11.18727, -14.97151
11.20276, -14.97992
11.21722, -14.98637
11.23015, -14.99104
11.24265, -14.99446
11.25458, -14.99805
11.26402, -15.00169
11.27304, -15.00569
11.28199, -15.00959
11.29074, -15.01313
11.29887, -15.01654
11.30624, -15.01975
11.31304, -15.02232
11.31958, -15.02465
11.32682, -15.02681
11.33378, -15.02854
11.3407, -15.02963
11.34737, -15.02993
11.35424, -15.02907
11.36183, -15.02756
11.36899, -15.02568
11.37622, -15.02351
11.38374, -15.02126
11.39169, -15.019
11.39967, -15.01685
11.40741, -15.01499
11.41604, -15.01324
11.42433, -15.01221
11.43191, -15.01191
11.43888, -15.01241
11.44555, -15.01318
11.45201, -15.01392
11.4576, -15.01469
11.46314, -15.01566
11.46899, -15.017
11.47524, -15.01855
11.48175, -15.02032
11.48864, -15.02219
11.49739, -15.0244
11.50718, -15.0272
11.5187, -15.03049
11.53187, -15.03459
11.5467, -15.03952
11.5638, -15.04563
11.58067, -15.05158
11.5988, -15.05772
11.61806, -15.06415
11.63836, -15.07094
11.65909, -15.07815
11.68038, -15.08574
11.70479, -15.09455
11.7268, -15.09126
11.74881, -15.08798
11.77081, -15.08469
11.79282, -15.08141
11.81483, -15.07812
11.83684, -15.07484
11.85885, -15.07155
11.88085, -15.06827
11.90286, -15.06498
11.92487, -15.0617
11.93461, -15.06437
11.94622, -15.06781
11.95745, -15.07025
11.96822, -15.07172
11.98124, -15.07238
11.99677, -15.07248
12.01284, -15.07179
12.02655, -15.07064
12.04681, -15.06825
12.06567, -15.06544
12.08515, -15.06203
12.11309, -15.05694
12.13632, -15.0526
12.16734, -15.04684
12.1957, -15.04189
12.22367, -15.03776
12.25399, -15.03444
12.28084, -15.03278
12.30775, -15.03292
12.33162, -15.03402
12.36594, -15.03701
12.39239, -15.04031
12.42025, -15.04478
12.4533, -15.05121
12.48749, -15.05975
12.52182, -15.07103
12.55634, -15.08498
12.5907, -15.1006
12.62489, -15.117
12.65454, -15.13109
12.68451, -15.14369
12.71517, -15.15488
12.7454, -15.16459
12.77497, -15.17328
12.80417, -15.1816
12.83812, -15.19161
12.87285, -15.20212
12.90838, -15.21244
12.94506, -15.22195
12.98307, -15.22964
13.02247, -15.23514
13.05802, -15.23795
13.09421, -15.23958
13.13111, -15.24118
13.16768, -15.24316
13.20309, -15.24722
13.23726, -15.25311
13.2752, -15.26082
13.31203, -15.26858
13.34896, -15.27611
13.38743, -15.28391
13.4267, -15.29266
13.46604, -15.30315
13.49706, -15.31282
13.53535, -15.32606
13.57122, -15.33936
13.60671, -15.35342
13.64242, -15.36699
13.67838, -15.3793
13.71972, -15.391
13.76125, -15.39987
13.80185, -15.40666
13.84075, -15.41248
13.87902, -15.41843
13.91787, -15.42425
13.9531, -15.42899
13.98909, -15.43304
14.02472, -15.43595
14.06106, -15.43681
14.0995, -15.43576
14.13915, -15.43285
14.1849, -15.42885
14.23123, -15.42505
14.27641, -15.42305
14.32007, -15.42409
14.36294, -15.42755
14.40474, -15.4325
14.4403, -15.43704
14.47511, -15.44135
14.50983, -15.44546
14.54433, -15.44993
14.57829, -15.45566
14.6122, -15.46342
14.65141, -15.47418
14.69158, -15.48679
14.73208, -15.50059
14.77198, -15.51375
14.81084, -15.52491
14.84888, -15.53336
14.88225, -15.53913
14.91589, -15.54371
14.94898, -15.54724
14.98061, -15.55018
15.01201, -15.55339
15.04398, -15.55703
15.07633, -15.56067
15.10878, -15.56391
15.14588, -15.56636
15.18176, -15.56664
15.21513, -15.56525
15.25387, -15.56155
15.2915, -15.55735
15.32917, -15.55354
15.36117, -15.55141
15.39271, -15.55099
15.42436, -15.55175
15.4553, -15.55354
15.48494, -15.55617
15.51314, -15.55887
15.5447, -15.56179
15.57566, -15.56478
15.60629, -15.56822
15.63667, -15.57257
15.6666, -15.57801
15.69528, -15.58483
15.71987, -15.5925
15.74394, -15.60169
15.76777, -15.61132
15.79212, -15.62129
15.8162, -15.63097
15.83974, -15.64013
15.86717, -15.64982
15.8948, -15.65784
15.9222, -15.66401
15.94837, -15.66809
15.97309, -15.67128
15.99706, -15.67478
16.01784, -15.67845
16.0385, -15.68237
16.05929, -15.68631
16.07996, -15.69003
16.10019, -15.69297
16.11946, -15.69493
16.14046, -15.69602
16.16103, -15.69631
16.18081, -15.69661
16.19933, -15.69692
16.21662, -15.69748
16.23238, -15.69782
16.24441, -15.6975
16.25472, -15.69667
16.26361, -15.69588
16.27118, -15.69484
16.27721, -15.69339
16.28137, -15.69151
16.2839, -15.68942
16.2841, -15.68772
16.2829, -15.68669
16.28054, -15.68628
16.27653, -15.68603
16.27118, -15.68566
16.26666, -15.68557
16.26189, -15.68537
16.25664, -15.68493
16.25243, -15.68408
16.24986, -15.68225
16.24906, -15.67974
16.24942, -15.67649
16.25167, -15.67142
16.25609, -15.66466
16.26241, -15.65647
16.27048, -15.64676
16.2802, -15.63545
16.2908, -15.62335
16.29971, -15.61309
16.30853, -15.60322
16.3189, -15.59248
16.3292, -15.58268
16.33962, -15.57392
16.35053, -15.56611
16.36192, -15.55923
16.37352, -15.55289
16.38481, -15.5474
16.39677, -15.5421
16.40963, -15.5371
16.42376, -15.53269
16.43917, -15.52938
16.45552, -15.52707
16.47297, -15.52579
16.48942, -15.52536
16.50749, -15.52543
16.5294, -15.52621
16.55305, -15.52729
16.57865, -15.5286
16.60576, -15.52965
16.63347, -15.53069
16.66188, -15.53179
16.68706, -15.5325
16.71142, -15.53302
16.7389, -15.53331
16.7613, -15.52642
16.7837, -15.51954
16.80609, -15.51265
16.82849, -15.50576
16.85089, -15.49887
16.87329, -15.49199
16.89569, -15.4851
16.91808, -15.47821
16.94048, -15.47132
16.96288, -15.46444
16.98528, -15.45755
17.00768, -15.45066
17.02148, -15.45369
17.03518, -15.45606
17.04869, -15.45763
17.06201, -15.4582
17.07608, -15.45806
17.09121, -15.45735
17.10757, -15.45607
17.12563, -15.45425
17.14545, -15.45207
17.16453, -15.44973
17.18546, -15.44658
17.21168, -15.44155
17.2398, -15.43512
17.26973, -15.42683
17.30194, -15.41653
17.33569, -15.40495
17.37066, -15.39321
17.40128, -15.3837
17.43284, -15.37541
17.46987, -15.36801
17.50645, -15.36277
17.54234, -15.359
17.57873, -15.35593
17.61657, -15.35325
17.65521, -15.35132
17.69459, -15.35076
17.73522, -15.35186
17.7763, -15.35466
17.8177, -15.35875
17.85898, -15.3635
17.90076, -15.36714
17.94292, -15.36828
17.97917, -15.36656
18.01529, -15.36314
18.05547, -15.35798
18.09521, -15.35243
18.13554, -15.34708
18.17655, -15.34196
18.21792, -15.33662
18.25894, -15.33004
18.296, -15.32253
18.33382, -15.31324
18.37709, -15.30094
18.4205, -15.28797
18.46368, -15.27568
18.50602, -15.26549
18.54883, -15.2575
18.59175, -15.25114
18.63377, -15.24568
18.67552, -15.24031
18.718, -15.23447
18.76184, -15.2287
18.80668, -15.2243
18.85223, -15.22219
18.89986, -15.22223
18.9421, -15.22429
18.9835, -15.22672
19.03094, -15.22804
19.07731, -15.22728
19.12094, -15.22287
19.16371, -15.21615
19.20661, -15.20818
19.24874, -15.19943
19.28574, -15.19209
19.32368, -15.18488
19.36696, -15.17619
19.40954, -15.16665
19.45261, -15.1547
19.4968, -15.1407
19.53965, -15.12563
19.58253, -15.11113
19.62635, -15.09825
19.66864, -15.08844
19.71, -15.08133
19.75156, -15.07469
19.79196, -15.06843
19.83208, -15.06185
19.87238, -15.05531
19.90835, -15.04996
19.94486, -15.04541
19.98624, -15.04308
20.02813, -15.04333
20.07108, -15.04523
20.11373, -15.04782
20.15589, -15.04905
20.19615, -15.04776
20.22964, -15.04447
20.26298, -15.03987
20.30006, -15.03382
20.33531, -15.02788
20.37037, -15.02272
20.40647, -15.0177
20.44264, -15.01282
20.47836, -15.00688
20.51409, -14.99886
20.54949, -14.98943
20.58406, -14.97895
20.61879, -14.96785
20.65384, -14.95711
20.68763, -14.94846
20.72077, -14.94177
20.74943, -14.93712
20.77732, -14.93377
20.80776, -14.93054
20.83691, -14.9273
20.86569, -14.92398
20.89484, -14.92119
20.92395, -14.91958
20.95238, -14.92061
20.97608, -14.92347
20.9995, -14.92746
21.02738, -14.93303
21.05569, -14.93844
21.08265, -14.94248
21.10811, -14.9442
21.13289, -14.94402
21.15752, -14.94197
21.18039, -14.93848
21.19935, -14.93479
21.21499, -14.93108
21.22972, -14.92666
21.24364, -14.92117
21.25562, -14.91503
21.26575, -14.90893
21.27395, -14.90365
21.28163, -14.89823
21.28998, -14.89085
21.29806, -14.88184
21.30593, -14.87159
21.31334, -14.86007
21.32047, -14.84773
21.32801, -14.83525
21.33575, -14.82436
21.34551, -14.81356
21.35704, -14.80218
21.36769, -14.79253
21.37818, -14.78404
21.39013, -14.77539
21.40352, -14.76678
21.41817, -14.75904
21.43395, -14.75255
21.45044, -14.74759
21.46774, -14.7438
21.48652, -14.74096
21.50674, -14.73819
21.52786, -14.73486
21.54926, -14.731
21.56849, -14.72713
21.588, -14.72258
21.61002, -14.71659
21.63209, -14.70953
21.65257, -14.70247
21.67099, -14.69628
21.68794, -14.69128
21.70509, -14.68604
21.72234, -14.68051
21.73947, -14.67447
21.75637, -14.66743
21.77274, -14.65963
21.78864, -14.65097
21.80766, -14.63865
21.82668, -14.62633
21.84569, -14.61401
21.86471, -14.60169
21.88373, -14.58937
21.90275, -14.57705
21.92177, -14.56473
21.94078, -14.55241
21.9598, -14.54009
21.97882, -14.52777
21.99784, -14.51546
22.01686, -14.50314
22.03588, -14.49082
22.05489, -14.4785
22.07391, -14.46618
22.09293, -14.45386
22.11195, -14.44153
22.1252, -14.44119
22.13878, -14.44063
22.15276, -14.43987
22.16724, -14.4387
22.18185, -14.4367
22.19497, -14.43388
22.20879, -14.42985
22.22537, -14.42467
22.24279, -14.41863
22.26093, -14.41161
22.28011, -14.40387
22.30051, -14.39545
22.32224, -14.38627
22.34241, -14.37741
22.3632, -14.36764
22.38768, -14.35513
22.41311, -14.34086
22.43926, -14.32428
22.46544, -14.3052
22.49162, -14.28383
22.51735, -14.26078
22.54358, -14.23664
22.572, -14.21227
22.60142, -14.18994
22.63022, -14.16981
22.65865, -14.15055
22.6871, -14.13119
22.71666, -14.11124
22.74396, -14.09313
22.77203, -14.07496
22.80513, -14.05521
22.83937, -14.03663
22.87468, -14.01973
22.91212, -14.00425
22.9519, -13.98921
22.99386, -13.97284
23.03113, -13.95712
23.06594, -13.93983
23.10305, -13.91859
23.13907, -13.89589
23.17435, -13.87189
23.20891, -13.84824
23.24386, -13.82433
23.28029, -13.79908
23.31671, -13.7728
23.35226, -13.74491
23.38718, -13.71541
23.42153, -13.6845
23.45487, -13.6537
23.48956, -13.62311
23.52453, -13.59538
23.5559, -13.5737
23.58854, -13.55305
23.62574, -13.53092
23.66231, -13.50978
23.69967, -13.48826
23.73795, -13.4665
23.77699, -13.44558
23.81734, -13.42667
23.8538, -13.41226
23.89074, -13.39884
23.9324, -13.38502
23.97485, -13.37039
24.01671, -13.35439
24.05688, -13.33606
24.09566, -13.31621
24.13332, -13.29654
24.1707, -13.27718
24.20886, -13.25774
24.2492, -13.23742
24.29005, -13.2162
24.33011, -13.19364
24.36904, -13.16935
24.40751, -13.14322
24.43946, -13.1208
24.47186, -13.09852
24.50942, -13.074
24.54755, -13.0523
24.58634, -13.0325
24.62571, -13.01388
24.66458, -12.99602
24.70264, -12.97884
24.73585, -12.96387
24.76968, -12.94904
24.80893, -12.93348
24.84915, -12.92016
24.88956, -12.90948
24.93143, -12.89972
24.97343, -12.89047
25.01417, -12.8808
25.05225, -12.86962
25.08797, -12.85719
25.12344, -12.84307
25.15714, -12.82836
25.19005, -12.81368
25.22255, -12.79927
25.25494, -12.78492
25.28336, -12.77264
25.31157, -12.76003
25.34317, -12.74459
25.37399, -12.72813
25.40357, -12.71099
25.43167, -12.69309
25.45925, -12.67465
25.48639, -12.65635
25.51342, -12.63851
25.54164, -12.62124
25.57118, -12.60499
25.60097, -12.59036
25.63003, -12.57713
25.65819, -12.56463
25.68595, -12.5518
25.7096, -12.54083
25.73145, -12.53083
25.75489, -12.5209
25.77632, -12.51215
25.79601, -12.50398
25.81531, -12.49524
25.83376, -12.4853
25.85147, -12.47482
25.86757, -12.46432
25.88408, -12.45267
25.90271, -12.43802
25.92097, -12.42189
25.93981, -12.40405
25.95918, -12.38454
25.97866, -12.3631
25.99844, -12.3387
26.01776, -12.31144
26.03575, -12.28277
26.05242, -12.25316
26.0688, -12.22325
26.08492, -12.19461
26.10194, -12.16683
26.11987, -12.14051
26.13602, -12.11837
26.15189, -12.09754
26.17184, -12.07183
26.18749, -12.05161
26.20568, -12.02864
26.22466, -12.00551
26.24796, -11.97985
26.26777, -11.96086
26.28882, -11.94244
26.3118, -11.92469
26.34035, -11.9055
26.37138, -11.88626
26.40227, -11.86619
26.43275, -11.84621
26.46206, -11.82507
26.48714, -11.80558
26.5076, -11.78809
26.52534, -11.77223
26.5436, -11.75601
26.5645, -11.73836
26.58441, -11.72212
26.60653, -11.70363
26.62608, -11.68662
26.63934, -11.6749
26.65827, -11.65839
26.67902, -11.6393
26.70037, -11.61872
26.71666, -11.60219
26.73559, -11.58256
26.75828, -11.55832
26.77976, -11.53532
26.80056, -11.51337
26.82437, -11.48833
26.84926, -11.4626
26.87406, -11.43754
26.89768, -11.41444
26.91736, -11.3965
26.93818, -11.37842
26.95745, -11.36273
26.97635, -11.34838
26.99327, -11.33734
27.00801, -11.32747
27.02048, -11.31819
27.03034, -11.30996
27.04483, -11.29642
27.0527, -11.27544
27.06056, -11.25446
27.06843, -11.23348
27.07629, -11.2125
27.08416, -11.19152
27.09203, -11.17054
27.09989, -11.14956
27.10776, -11.12858
27.11562, -11.1076
27.12349, -11.08662
27.13136, -11.06564
27.13922, -11.04466
27.14709, -11.02368
27.15495, -11.0027
27.16282, -10.98172
27.17068, -10.96074
27.17963, -10.94161
27.19094, -10.91695
27.20022, -10.8977
27.21387, -10.87306
27.22914, -10.85002
27.24591, -10.82745
27.26311, -10.80676
27.28083, -10.78697
27.3002, -10.76665
27.32131, -10.74622
27.34123, -10.72864
27.36295, -10.71145
27.38968, -10.69295
27.4179, -10.67599
27.44772, -10.65982
27.47888, -10.64328
27.50918, -10.62635
27.538, -10.60825
27.56257, -10.59116
27.58721, -10.57256
27.6143, -10.55075
27.64039, -10.5289
27.66657, -10.50718
27.69338, -10.48534
27.7206, -10.46307
27.74765, -10.4395
27.77488, -10.41314
27.80173, -10.38363
27.82699, -10.35256
27.85221, -10.32063
27.87782, -10.28916
27.904, -10.26022
27.9313, -10.23264
27.95503, -10.20965
27.9747, -10.19088
28.00297, -10.16297
28.02827, -10.13703
28.05416, -10.11123
28.08071, -10.08632
28.10919, -10.06245
28.1399, -10.03916
28.17246, -10.01645
28.20556, -9.994287
28.23827, -9.971335
28.26896, -9.948047
28.29708, -9.923738
28.32411, -9.897546
28.34956, -9.870722
28.37072, -9.846993
28.39123, -9.823608
28.41523, -9.796311
28.43968, -9.768306
28.46365, -9.739507
28.48677, -9.709386
28.50827, -9.67797
28.52848, -9.645306
28.54559, -9.615764
28.56314, -9.585562
28.58292, -9.551969
28.6027, -9.520895
28.62397, -9.490396
28.64641, -9.460541
28.66851, -9.433274
28.6902, -9.407711
28.71206, -9.382444
28.73428, -9.357102
28.75648, -9.332781
28.78004, -9.309502
28.80525, -9.288448
28.83133, -9.269827
28.85828, -9.252448
28.88272, -9.237062
28.90708, -9.22146
28.93283, -9.204129
28.95664, -9.186195
28.97824, -9.168096
29.00186, -9.146362
29.02252, -9.125827
29.04291, -9.105034
29.05973, -9.087547
29.0769, -9.069084
29.09671, -9.046962
29.1163, -9.023643
29.13529, -8.998888
29.15347, -8.972106
29.17099, -8.942692
29.18788, -8.910906
29.20443, -8.878323
29.22078, -8.845646
29.23721, -8.813575
29.254, -8.783601
29.27189, -8.75387
29.2909, -8.724243
29.30982, -8.695684
29.32575, -8.671288
29.34126, -8.647041
29.35896, -8.618866
29.37704, -8.590092
29.39573, -8.56142
29.41626, -8.532539
29.43882, -8.50403
29.46383, -8.475765
29.48701, -8.450944
29.5106, -8.425146
29.53693, -8.395327
29.56118, -8.365255
29.58319, -8.333973
29.60373, -8.301247
29.62234, -8.268759
29.63996, -8.237135
29.65818, -8.206001
29.67714, -8.174133
29.69597, -8.142134
29.71425, -8.109631
29.73143, -8.076462
29.7474, -8.041734
29.76123, -8.007154
29.7738, -7.970918
29.78533, -7.935429
29.79816, -7.894118
29.81137, -7.8541
29.82604, -7.815712
29.84192, -7.778397
29.8584, -7.743995
29.87466, -7.711623
29.88725, -7.686369
29.90053, -7.659959
29.91866, -7.624389
29.9354, -7.593387
29.95341, -7.562951
29.97296, -7.532964
29.99436, -7.503764
30.01779, -7.474486
30.04292, -7.445515
30.06911, -7.415842
30.09547, -7.38588
30.12045, -7.355293
30.14378, -7.323809
30.16537, -7.292383
30.18447, -7.263465
30.19999, -7.240244
30.21497, -7.218118
30.23169, -7.193491
30.24778, -7.169662
30.26268, -7.146038
30.2769, -7.121915
30.29037, -7.097442
30.30284, -7.072309
30.31292, -7.049893
30.32235, -7.026612
30.33277, -6.998319
30.34225, -6.968635
30.35105, -6.936707
30.35934, -6.902088
30.36735, -6.864409
30.37575, -6.824099
30.38411, -6.785182
30.39391, -6.741306
30.40387, -6.700225
30.4141, -6.660185
30.4243, -6.621531
30.43323, -6.58583
30.44055, -6.55386
30.44629, -6.527916
30.45138, -6.505181
30.4554, -6.482825
30.45844, -6.464417
30.46056, -6.449374
30.46228, -6.43576
30.46494, -6.422813
30.469, -6.409833
30.47416, -6.398577
30.48107, -6.387263
30.49105, -6.373363
30.47554, -6.356993
30.46002, -6.340622
30.44451, -6.324252
30.42899, -6.307882
30.41348, -6.291512
30.39796, -6.275141
30.38245, -6.258771
30.36694, -6.242401
30.35142, -6.22603
30.33591, -6.20966
30.32039, -6.19329
30.30487, -6.176922
30.31263, -6.161635
30.32149, -6.148096
30.33251, -6.134387
30.34731, -6.118139
30.36333, -6.100851
30.37969, -6.08198
30.39495, -6.062203
30.40841, -6.041604
30.42053, -6.019488
30.43174, -5.995567
30.44199, -5.970534
30.45189, -5.944825
30.46218, -5.916683
30.47205, -5.886865
30.48093, -5.855984
30.48915, -5.823631
30.49619, -5.793258
30.50322, -5.761793
30.51117, -5.725552
30.51982, -5.690093
30.52943, -5.655588
30.54027, -5.621926
30.55287, -5.588899
30.56702, -5.555989
30.57941, -5.528534
30.59216, -5.501902
30.60776, -5.471216
30.62507, -5.439968
30.64404, -5.409334
30.66595, -5.379268
30.69097, -5.349235
30.71715, -5.32085
30.7434, -5.293959
30.76913, -5.266233
30.79263, -5.238318
30.81516, -5.209046
30.83674, -5.17961
30.85726, -5.151549
30.87763, -5.124165
30.89614, -5.099831
30.91474, -5.076054
30.93587, -5.048622
30.95645, -5.020046
30.97576, -4.990703
30.99379, -4.961044
31.01053, -4.930657
31.02722, -4.89973
31.04218, -4.873353
31.05738, -4.848853
31.07549, -4.822387
31.0952, -4.79639
31.11547, -4.771739
31.1355, -4.748333
31.15543, -4.725216
31.17585, -4.701738
31.19729, -4.67774
31.21978, -4.653959
31.24372, -4.631001
31.2687, -4.609013
31.29422, -4.587187
31.31992, -4.565175
31.34612, -4.540834
31.36808, -4.51849
31.38834, -4.495767
31.40981, -4.469007
31.43001, -4.440592
31.44756, -4.411132
31.46271, -4.381404
31.47632, -4.351231
31.48878, -4.319693
31.49884, -4.290533
31.50784, -4.260529
31.51671, -4.225673
31.52386, -4.189322
31.52865, -4.150447
31.52987, -4.110793
31.52958, -4.071273
31.53059, -4.031246
31.53313, -3.992404
31.53794, -3.955422
31.54411, -3.918361
31.55069, -3.881616
31.55703, -3.845397
31.56288, -3.80854
31.56824, -3.770451
31.57302, -3.736565
31.57848, -3.702148
31.58701, -3.662734
31.59766, -3.622384
31.60938, -3.581662
31.62145, -3.539729
31.63192, -3.496619
31.63963, -3.454275
31.64456, -3.417593
31.64818, -3.38051
31.65115, -3.338127
31.65375, -3.296579
31.65615, -3.255555
31.65871, -3.213787
31.66088, -3.171638
31.66193, -3.12939
31.66104, -3.086856
31.65825, -3.043447
31.65442, -3.000226
31.65084, -2.957459
31.64877, -2.915547
31.64938, -2.875924
31.65138, -2.836994
31.65382, -2.803266
31.65636, -2.77069
31.65959, -2.733842
31.66283, -2.696567
31.66696, -2.659248
31.67243, -2.621774
31.68076, -2.585073
31.69159, -2.548368
31.70411, -2.509956
31.71705, -2.4708
31.73029, -2.431208
31.7423, -2.392353
31.75131, -2.353658
31.75843, -2.315684
31.76415, -2.27988
31.76858, -2.250501
31.77251, -2.222972
31.77715, -2.192521
31.7819, -2.162736
31.7862, -2.133604
31.79012, -2.104453
31.79317, -2.075807
31.79646, -2.04705
31.7989, -2.02126
31.80062, -1.994397
31.80213, -1.962521
31.80266, -1.929259
31.80199, -1.894365
31.80068, -1.857935
31.79972, -1.820114
31.79942, -1.784087
31.80008, -1.749938
31.80152, -1.71751
31.80419, -1.686834
31.80895, -1.657963
31.81487, -1.63158
31.81513, -1.609218
31.81539, -1.586856
31.81565, -1.564495
31.81591, -1.542133
31.81617, -1.519771
31.81643, -1.497409
31.81669, -1.475048
31.81695, -1.452686
31.81721, -1.430324
31.81746, -1.407962
31.81773, -1.385601
31.81327, -1.374803
31.80866, -1.363308
31.80344, -1.350317
31.79873, -1.337787
31.79377, -1.323597
31.78781, -1.305746
31.78144, -1.286944
31.77476, -1.266943
31.76791, -1.245786
31.76122, -1.223799
31.75519, -1.20117
31.75032, -1.181751
31.74602, -1.162161
31.74203, -1.139462
31.73899, -1.116422
31.73691, -1.092579
31.73577, -1.069182
31.73558, -1.045938
31.73722, -1.021196
31.74062, -0.9951054
31.74665, -0.9680218
31.75587, -0.9400852
31.76763, -0.9118372
31.78103, -0.8833816
31.79505, -0.8537498
31.80836, -0.8243687
31.81859, -0.7982759
31.82736, -0.7714307
31.8357, -0.7399962
31.84248, -0.708599
31.84832, -0.6775956
31.85398, -0.6463575
31.85991, -0.6141226
31.86609, -0.5805358
31.87115, -0.5501794
31.87498, -0.5196464
31.87778, -0.4839613
31.87879, -0.4465437
31.87815, -0.4084889
31.87747, -0.3703953
31.87744, -0.3328922
31.87931, -0.2967009
31.88291, -0.2611134
31.88759, -0.2259082
31.89211, -0.1920289
31.89667, -0.1586438
31.90257, -0.1181819
31.90865, -0.08144358
31.9141, -0.05581814
31.92235, -0.02682587
31.93194, 0.001270175
31.94487, 0.0330621
31.95919, 0.06509304
31.97362, 0.09819722
31.98578, 0.1287259
31.98796, 0.1347691
31.98796, 0.1347691
31.98796, 0.1347691
31.98796, 0.1347691
31.98796, 0.1347691
31.98796, 0.1347691
31.98796, 0.1347691
31.99013, 0.1408774
31.99258, 0.1644612
31.99504, 0.188045
31.99749, 0.2116288
31.99995, 0.2352127
32.0024, 0.2587965
32.00486, 0.2823803
32.00732, 0.3059641
32.00977, 0.3295479
32.01223, 0.3531317
32.01469, 0.3767155
32.01714, 0.4002993
32.0196, 0.4238831
32.02206, 0.4474669
32.02451, 0.4710506
32.02696, 0.4946346
32.02288, 0.5259887
32.0191, 0.5515575
32.01591, 0.5751458
32.01412, 0.5984659
32.01349, 0.6215925
32.01417, 0.6435568
32.01565, 0.6628335
32.01737, 0.6796402
32.01922, 0.6937132
32.02122, 0.7073619
32.02344, 0.7221417
32.02514, 0.7344546
32.0263, 0.745174
32.02747, 0.7558152
32.02865, 0.7672319
32.03064, 0.7799919
32.03283, 0.792362
32.03534, 0.8053635
32.03838, 0.8200481
32.04103, 0.8354862
32.04172, 0.8529875
32.04031, 0.8698117
32.03671, 0.8923456
32.03161, 0.9132714
32.02516, 0.9352983
32.0172, 0.9587921
32.00723, 0.9836892
31.99498, 1.009152
31.98008, 1.034618
31.96307, 1.060658
31.94465, 1.087538
31.92883, 1.111292
31.91424, 1.135648
31.89926, 1.16472
31.88584, 1.195143
31.87439, 1.225237
31.86415, 1.254884
31.85413, 1.2851
31.84384, 1.31671
31.83358, 1.349508
31.82436, 1.383273
31.81752, 1.418606
31.81314, 1.455154
31.81029, 1.492117
31.8082, 1.530032
31.80552, 1.568729
31.80223, 1.601427
31.79738, 1.632951
31.79048, 1.668676
31.78254, 1.704469
31.7744, 1.738692
31.76658, 1.772791
31.75901, 1.807792
31.75099, 1.843632
31.74333, 1.875164
31.73446, 1.906302
31.72216, 1.942811
31.70788, 1.980516
31.6918, 2.017929
31.6752, 2.055437
31.65984, 2.090187
31.6445, 2.128781
31.63264, 2.165574
31.62179, 2.202698
31.61207, 2.237915
31.60298, 2.27176
31.59358, 2.305805
31.5849, 2.340772
31.5775, 2.376477
31.57237, 2.40821
31.56866, 2.439886
31.56608, 2.476303
31.56512, 2.513949
31.5651, 2.553351
31.56506, 2.594107
31.56467, 2.634301
31.56411, 2.6739
31.56317, 2.707291
31.56149, 2.738348
31.55828, 2.771855
31.5549, 2.803547
31.55124, 2.832315
31.54797, 2.858843
31.54505, 2.88477
31.54198, 2.910029
31.53891, 2.934231
31.53546, 2.957715
31.53174, 2.981355
31.52734, 3.005516
31.52224, 3.030182
31.51554, 3.055712
31.5077, 3.083006
31.49979, 3.107319
31.49075, 3.133117
31.47934, 3.164315
31.46673, 3.196937
31.45369, 3.230291
31.44079, 3.263599
31.42831, 3.295755
31.41661, 3.32775
31.40766, 3.35579
31.39969, 3.382665
31.39143, 3.411755
31.38435, 3.439121
31.37828, 3.465058
31.37372, 3.489731
31.36129, 3.510304
31.34886, 3.530877
31.33644, 3.55145
31.32401, 3.572023
31.31158, 3.592596
31.29915, 3.613168
31.28672, 3.633741
31.27429, 3.654314
31.27143, 3.6641
31.2678, 3.676244
31.26403, 3.685707
31.25924, 3.695434
31.25368, 3.705953
31.24776, 3.717781
31.2416, 3.731848
31.23543, 3.747703
31.22887, 3.764737
31.22168, 3.783221
31.21365, 3.802447
31.20488, 3.822111
31.19567, 3.842633
31.18781, 3.861448
31.17996, 3.880559
31.17175, 3.902771
31.16449, 3.925814
31.15778, 3.948156
31.1519, 3.969959
31.14722, 3.994427
31.14374, 4.020871
31.14129, 4.043717
31.13993, 4.067064
31.13981, 4.094518
31.1411, 4.122865
31.14382, 4.151878
31.14847, 4.181662
31.15476, 4.213181
31.16223, 4.245519
31.1706, 4.277741
31.17847, 4.309414
31.18483, 4.341966
31.18945, 4.376384
31.19256, 4.410807
31.19505, 4.443943
31.19733, 4.476034
31.19959, 4.504658
31.20164, 4.534178
31.20335, 4.568295
31.20404, 4.602614
31.20308, 4.637174
31.20051, 4.669311
31.19583, 4.706283
31.19067, 4.74103
31.18625, 4.775409
31.18302, 4.808898
31.18168, 4.842546
31.182, 4.876951
31.18334, 4.909883
31.1846, 4.941349
31.18549, 4.97241
31.1861, 4.999635
31.18703, 5.027019
31.18949, 5.058331
31.19415, 5.089584
31.20088, 5.120475
31.20916, 5.150683
31.21836, 5.180738
31.2272, 5.211207
31.23365, 5.237244
31.23821, 5.263157
31.24118, 5.293768
31.24179, 5.325555
31.24094, 5.356161
31.23996, 5.385801
31.23841, 5.41548
31.23577, 5.445085
31.23197, 5.475649
31.22667, 5.507352
31.21962, 5.53921
31.20995, 5.572124
31.19679, 5.605947
31.18058, 5.63992
31.16191, 5.674093
31.14427, 5.704558
31.12665, 5.734733
31.10798, 5.767135
31.09121, 5.799391
31.07486, 5.832868
31.05875, 5.866561
31.04268, 5.899959
31.02642, 5.933683
31.01167, 5.964518
30.99703, 5.996461
30.98126, 6.033883
30.96654, 6.072978
30.95255, 6.114383
30.94018, 6.157599
30.92734, 6.201439
30.91286, 6.244814
30.8966, 6.286053
30.87831, 6.325063
30.85785, 6.36242
30.83661, 6.398367
30.81533, 6.433485
30.79344, 6.468947
30.77049, 6.505005
30.7494, 6.535994
30.72691, 6.566834
30.69864, 6.601237
30.66832, 6.634961
30.63675, 6.667864
30.60587, 6.7019
30.57642, 6.736866
30.55, 6.77182
30.52794, 6.803056
30.5064, 6.834478
30.4825, 6.869771
30.45836, 6.904817
30.43369, 6.940337
30.41009, 6.97631
30.38874, 7.013475
30.36934, 7.052438
30.35167, 7.091938
30.335, 7.131383
30.31629, 7.172019
30.29591, 7.210608
30.2742, 7.245927
30.25158, 7.28045
30.22905, 7.314297
30.2104, 7.343241
30.19197, 7.372666
30.17048, 7.407323
30.14822, 7.441834
30.12435, 7.475684
30.09831, 7.508454
30.07063, 7.540278
30.0416, 7.57168
30.01601, 7.599588
29.99176, 7.627691
29.96635, 7.660089
29.94314, 7.693163
29.92166, 7.726212
29.90131, 7.758266
29.88169, 7.789079
29.86217, 7.819622
29.84288, 7.85013
29.82503, 7.880597
29.80937, 7.911961
29.79572, 7.944386
29.78327, 7.977867
29.77166, 8.01171
29.76008, 8.045591
29.74963, 8.074225
29.73839, 8.100647
29.7243, 8.129529
29.71014, 8.156543
29.69651, 8.181746
29.68372, 8.206224
29.67163, 8.230761
29.65992, 8.255064
29.6495, 8.275895
29.63826, 8.296904
29.62467, 8.320635
29.61043, 8.344136
29.59524, 8.367734
29.57895, 8.391879
29.56214, 8.416788
29.54544, 8.442316
29.52979, 8.467535
29.51455, 8.492476
29.49894, 8.510468
29.48334, 8.528461
29.46773, 8.546453
29.45213, 8.564445
29.43652, 8.582437
29.42091, 8.600429
29.40531, 8.618421
29.3897, 8.636413
29.3741, 8.654405
29.35849, 8.672397
29.34288, 8.690389
29.32728, 8.708381
29.31168, 8.726371
29.30656, 8.73744
29.30033, 8.74831
29.29385, 8.757973
29.2874, 8.766542
29.28021, 8.776045
29.27186, 8.786844
29.26339, 8.797922
29.25405, 8.809793
29.24347, 8.822697
29.23175, 8.836609
29.21861, 8.851613
29.20606, 8.865597
29.19298, 8.879883
29.1786, 8.896622
29.16448, 8.914385
29.15109, 8.932988
29.13929, 8.951173
29.12803, 8.970998
29.11646, 8.994541
29.10618, 9.018518
29.09741, 9.041389
29.08967, 9.065166
29.0824, 9.091591
29.07648, 9.119384
29.07261, 9.147415
29.0708, 9.175501
29.07062, 9.19983
29.07077, 9.22459
29.0705, 9.252789
29.06894, 9.280622
29.06513, 9.308136
29.05933, 9.335748
29.05243, 9.361937
29.04484, 9.386305
29.03803, 9.406902
29.0309, 9.428043
29.02249, 9.452552
29.01339, 9.476904
29.00307, 9.501131
28.99102, 9.524481
28.97728, 9.546925
28.96185, 9.568764
28.94497, 9.590541
28.92795, 9.612253
28.91131, 9.633561
28.89509, 9.655411
28.87822, 9.67948
28.86078, 9.705567
28.84376, 9.731326
28.82878, 9.753714
28.81308, 9.776675
28.79482, 9.803428
28.77609, 9.830966
28.75736, 9.859922
28.73938, 9.890574
28.72171, 9.923134
28.70429, 9.956538
28.68952, 9.986049
28.67389, 10.01618
28.6544, 10.05084
28.63272, 10.08362
28.60873, 10.11438
28.58233, 10.14399
28.55511, 10.17202
28.52829, 10.19886
28.50134, 10.22599
28.47299, 10.25446
28.4428, 10.28307
28.4109, 10.31085
28.37662, 10.3367
28.33992, 10.36118
28.30201, 10.38402
28.26848, 10.40457
28.23556, 10.42562
28.20032, 10.45112
28.16664, 10.47873
28.13293, 10.50678
28.09994, 10.53481
28.06738, 10.56276
28.0335, 10.59151
28.00395, 10.61772
27.97547, 10.64538
27.94458, 10.67971
27.91478, 10.7165
27.88637, 10.75445
27.85741, 10.79239
27.82701, 10.82898
27.79546, 10.86255
27.76247, 10.89411
27.72904, 10.92352
27.69592, 10.95166
27.66289, 10.97976
27.62907, 11.00876
27.59413, 11.03862
27.55867, 11.06729
27.5264, 11.09116
27.49277, 11.1145
27.45409, 11.14011
27.4156, 11.16631
27.37924, 11.1941
27.34653, 11.22281
27.31472, 11.25302
27.28328, 11.28373
27.25633, 11.31001
27.22963, 11.33593
27.19842, 11.36579
27.16732, 11.3965
27.13756, 11.42881
27.10915, 11.46417
27.08198, 11.50142
27.05615, 11.53855
27.02941, 11.57498
27.0011, 11.60923
26.97206, 11.63978
26.94226, 11.66875
26.91299, 11.69646
26.88466, 11.72373
26.85996, 11.74806
26.83448, 11.77325
26.80866, 11.79853
26.78202, 11.82316
26.75017, 11.84989
26.72018, 11.87255
26.68844, 11.89473
26.65617, 11.91592
26.6284, 11.93437
26.5971, 11.95619
26.56797, 11.97867
26.541, 12.00208
26.51452, 12.02555
26.49308, 12.04529
26.46859, 12.06773
26.44429, 12.0897
26.42004, 12.11188
26.39273, 12.13748
26.3699, 12.16008
26.34833, 12.18357
26.32811, 12.20775
26.31171, 12.22916
26.2926, 12.25585
26.27294, 12.28399
26.2527, 12.31286
26.23245, 12.34143
26.21534, 12.36413
26.19536, 12.38822
26.17497, 12.41103
26.15423, 12.43293
26.13134, 12.45635
26.11146, 12.47712
26.09579, 12.49376
26.07851, 12.51207
26.06363, 12.52767
26.04682, 12.54506
26.03049, 12.56153
26.01384, 12.57791
25.9967, 12.59421
25.98156, 12.60815
25.96303, 12.62458
25.94384, 12.64117
25.92421, 12.6583
25.90076, 12.67863
25.87954, 12.69682
25.85647, 12.7165
25.83649, 12.73388
25.81828, 12.74978
25.7975, 12.76769
25.77738, 12.78497
25.75801, 12.80186
25.73942, 12.81802
25.72442, 12.83117
25.70791, 12.84587
25.69255, 12.85995
25.67945, 12.87222
25.66719, 12.88349
25.65762, 12.89263
25.6487, 12.9018
25.64077, 12.91026
25.63519, 12.91636
25.61447, 12.92422
25.59375, 12.93207
25.57303, 12.93993
25.55231, 12.94778
25.53159, 12.95564
25.51087, 12.96349
25.49015, 12.97135
25.46943, 12.9792
25.44872, 12.98706
25.44495, 13.00584
25.44006, 13.02457
25.43462, 13.04373
25.42964, 13.06141
25.42393, 13.0833
25.41861, 13.10595
25.41427, 13.12943
25.41085, 13.15647
25.40912, 13.18005
25.40806, 13.20298
25.40685, 13.2252
25.40562, 13.2437
25.40402, 13.26526
25.40223, 13.28728
25.4008, 13.30861
25.40025, 13.32923
25.40033, 13.34639
25.40086, 13.36515
25.40116, 13.38314
25.40059, 13.39871
25.39824, 13.41642
25.39602, 13.42969
25.39362, 13.44216
25.39073, 13.45319
25.38813, 13.46116
25.38479, 13.46823
25.3812, 13.47356
25.37688, 13.47799
25.3716, 13.48259
25.36588, 13.48709
25.35774, 13.49223
25.34737, 13.49783
25.33433, 13.50417
25.31679, 13.51124
25.29905, 13.5177
25.27947, 13.5243
25.25782, 13.531
25.2376, 13.53652
25.21241, 13.54227
25.18564, 13.54747
25.15865, 13.5523
25.13222, 13.55732
25.10897, 13.5624
25.08064, 13.5693
25.05211, 13.57759
25.02322, 13.58733
24.99045, 13.59983
24.96457, 13.6106
24.93282, 13.62452
24.90335, 13.63836
24.87775, 13.6517
24.84806, 13.66942
24.81899, 13.68945
24.79002, 13.71169
24.76126, 13.73497
24.73691, 13.75537
24.70759, 13.77904
24.67818, 13.80057
24.64846, 13.81927
24.61287, 13.8389
24.58143, 13.85499
24.55044, 13.87026
24.51915, 13.88597
24.49468, 13.89847
24.45862, 13.91684
24.42488, 13.93374
24.38988, 13.94971
24.3541, 13.96424
24.32301, 13.97611
24.28586, 13.98897
24.24764, 14.00117
24.20792, 14.01432
24.1648, 14.03103
24.12987, 14.0475
24.09606, 14.06479
24.06297, 14.08226
24.03486, 14.09724
24.00172, 14.11478
23.96792, 14.13255
23.93364, 14.15137
23.90007, 14.1712
23.87204, 14.18996
23.84013, 14.21335
23.80884, 14.23722
23.77795, 14.26164
23.74031, 14.28936
23.70692, 14.31178
23.67356, 14.33104
23.63941, 14.34849
23.61003, 14.36219
23.57635, 14.37679
23.54292, 14.39114
23.50899, 14.40623
23.47452, 14.42235
23.44398, 14.43644
23.40758, 14.4516
23.36986, 14.4647
23.33006, 14.47616
23.28334, 14.48674
23.2419, 14.49514
23.19988, 14.50499
23.15885, 14.5161
23.12531, 14.52752
23.08709, 14.54183
23.05037, 14.5565
23.01478, 14.5705
22.97963, 14.58418
22.94875, 14.5957
22.91204, 14.60907
22.8757, 14.62284
22.84039, 14.63821
22.80124, 14.65841
22.76753, 14.67803
22.73412, 14.69879
22.70069, 14.71963
22.67153, 14.73686
22.63739, 14.7554
22.6031, 14.77185
22.56876, 14.78681
22.5349, 14.80054
22.50672, 14.81138
22.47519, 14.82365
22.44362, 14.83618
22.41177, 14.84922
22.37447, 14.86416
22.34138, 14.87705
22.30777, 14.88883
22.27348, 14.89925
22.24273, 14.90718
22.20603, 14.91429
22.16889, 14.9201
22.13, 14.92642
22.09195, 14.93411
22.06217, 14.94269
22.02946, 14.95459
21.99817, 14.96727
21.96997, 14.97924
21.9343, 14.99396
21.9054, 15.00495
21.87596, 15.01551
21.84647, 15.02676
21.82151, 15.03723
21.79247, 15.05145
21.76444, 15.06719
21.73782, 15.08423
21.71138, 15.10239
21.68815, 15.11825
21.66063, 15.13597
21.63311, 15.15284
21.60616, 15.1679
21.57613, 15.18329
21.54999, 15.19559
21.52505, 15.20604
21.50234, 15.21529
21.48405, 15.22257
21.46303, 15.2308
21.4425, 15.23857
21.42227, 15.24595
21.4022, 15.25316
21.38521, 15.259
21.36493, 15.26573
21.3436, 15.2722
21.32179, 15.27766
21.29652, 15.28308
21.27446, 15.28689
21.25219, 15.28977
21.22902, 15.29277
21.2085, 15.29568
21.18458, 15.29912
21.16111, 15.30271
21.13816, 15.30642
21.1156, 15.31052
21.09643, 15.31416
21.07467, 15.31874
21.05383, 15.32355
21.03373, 15.32872
21.01178, 15.33476
20.9936, 15.34015
20.97683, 15.34538
20.96095, 15.35081
20.94834, 15.35549
20.93515, 15.36059
20.92365, 15.36505
20.9139, 15.36947
20.90651, 15.37376
20.90206, 15.37712
20.89848, 15.38089
20.89634, 15.3845
20.8961, 15.38777
20.89804, 15.39091
20.9006, 15.39345
20.90362, 15.39602
20.90682, 15.39855
20.90983, 15.40056
20.91305, 15.40324
20.91581, 15.40634
20.91845, 15.40992
20.92043, 15.41418
20.9211, 15.41841
20.92167, 15.42343
20.92224, 15.42837
20.92316, 15.43283
20.92401, 15.43713
20.92434, 15.44114
20.92535, 15.44602
20.92629, 15.4516
20.9268, 15.45707
20.92802, 15.46389
20.92994, 15.46989
20.93198, 15.47496
20.93315, 15.47949
20.93346, 15.48327
20.93335, 15.4874
20.93295, 15.491
20.93126, 15.49407
20.92756, 15.49652
20.92289, 15.49792
20.91711, 15.49861
20.9105, 15.49932
20.90393, 15.49988
20.8958, 15.50013
20.88718, 15.49991
20.87786, 15.49919
20.8681, 15.49812
20.85923, 15.49712
20.84822, 15.49598
20.83684, 15.49459
20.82517, 15.49298
20.8109, 15.49106
20.79773, 15.48945
20.78409, 15.4879
20.77004, 15.48645
20.75791, 15.48553
20.74366, 15.48501
20.7295, 15.48516
20.70721, 15.48326
20.68492, 15.48136
20.66263, 15.47945
20.64034, 15.47755
20.61805, 15.47565
20.59576, 15.47375
20.57347, 15.47185
20.56664, 15.47981
20.5592, 15.48787
20.55245, 15.49438
20.54507, 15.50145
20.53737, 15.50828
20.52879, 15.51501
20.51864, 15.52242
20.50992, 15.52843
20.50057, 15.53415
20.49048, 15.53985
20.48138, 15.54479
20.4697, 15.55102
20.45643, 15.5575
20.44196, 15.56412
20.4264, 15.57082
20.41209, 15.5765
20.39404, 15.58279
20.37431, 15.58874
20.35259, 15.59402
20.32571, 15.59897
20.30012, 15.60236
20.27239, 15.60485
20.2431, 15.60667
20.21694, 15.60785
20.18541, 15.60923
20.15394, 15.61105
20.12352, 15.61375
20.09319, 15.61803
20.06632, 15.62322
20.03543, 15.63053
20.00562, 15.63898
19.97609, 15.64816
19.94164, 15.65902
19.91092, 15.66932
19.87995, 15.68078
19.84968, 15.6933
19.82447, 15.70541
19.79577, 15.72097
19.76758, 15.73788
19.73934, 15.75631
19.70986, 15.7756
19.68352, 15.79163
19.65235, 15.80927
19.62103, 15.82503
19.58942, 15.83809
19.5526, 15.85049
19.52088, 15.85975
19.48984, 15.86773
19.45887, 15.87547
19.43176, 15.88217
19.39959, 15.88989
19.3665, 15.89692
19.33246, 15.90272
19.29749, 15.90646
19.26702, 15.90821
19.23095, 15.9084
19.19482, 15.90725
19.15815, 15.90586
19.1171, 15.90502
19.08183, 15.90553
19.04584, 15.90711
19.00995, 15.90947
18.97986, 15.91187
18.9452, 15.9149
18.91032, 15.91785
18.87444, 15.92026
18.83295, 15.92336
18.79659, 15.92698
18.76068, 15.93254
18.72469, 15.93986
18.69342, 15.94756
18.65746, 15.95744
18.62092, 15.96636
18.58432, 15.97338
18.54899, 15.9781
18.51868, 15.98026
18.48234, 15.98167
18.4471, 15.98256
18.41249, 15.98291
18.37244, 15.98359
18.33576, 15.98419
18.29847, 15.98433
18.26074, 15.98352
18.22765, 15.98138
18.18871, 15.97739
18.14933, 15.9722
18.11001, 15.96611
18.06968, 15.96061
18.0359, 15.95756
17.99753, 15.95596
17.95879, 15.95613
17.92072, 15.95752
17.87928, 15.95974
17.84366, 15.96183
17.80779, 15.96379
17.77161, 15.966
17.74049, 15.96856
17.70408, 15.97312
17.66791, 15.9798
17.63132, 15.98795
17.59516, 15.99761
17.56425, 16.0063
17.5269, 16.01581
17.49012, 16.02403
17.45447, 16.02945
17.41442, 16.03361
17.37988, 16.03596
17.34629, 16.03713
17.31358, 16.03786
17.28531, 16.03844
17.25153, 16.03939
17.21756, 16.04016
17.18344, 16.04025
17.14965, 16.0395
17.12018, 16.03772
17.08565, 16.03468
17.0516, 16.03066
17.01726, 16.02611
16.97844, 16.02111
16.94616, 16.01775
16.91404, 16.01599
16.88104, 16.01522
16.85339, 16.01531
16.82249, 16.0162
16.79219, 16.01734
16.76204, 16.01828
16.73217, 16.01933
16.70715, 16.02055
16.67824, 16.02301
16.6491, 16.02688
16.62009, 16.03242
16.58715, 16.04051
16.55823, 16.04874
16.52845, 16.05723
16.49846, 16.06562
16.47308, 16.07225
16.44405, 16.07871
16.41514, 16.08408
16.38675, 16.0885
16.36017, 16.09229
16.339, 16.09505
16.31543, 16.0983
16.2924, 16.10184
16.27013, 16.10572
16.24562, 16.11002
16.2244, 16.11336
16.20346, 16.11616
16.18274, 16.11843
16.16528, 16.11987
16.14464, 16.12067
16.12395, 16.12062
16.10291, 16.1199
16.0813, 16.1189
16.06258, 16.11824
16.0407, 16.11796
16.01941, 16.11853
15.99915, 16.11978
15.97732, 16.12196
15.9592, 16.12487
15.94247, 16.12867
15.92691, 16.13292
15.91467, 16.13654
15.90179, 16.14061
15.89093, 16.145
15.88228, 16.14998
15.87548, 16.15584
15.87174, 16.16105
15.86957, 16.16669
15.86848, 16.17176
15.86792, 16.17639
15.86787, 16.18073
15.86802, 16.18386
15.86783, 16.18649
15.86741, 16.18901
15.86726, 16.19088
15.86742, 16.19218
15.86822, 16.19301
15.86945, 16.19378
15.87116, 16.19451
15.87309, 16.19479
15.87614, 16.19436
15.88066, 16.19257
15.88458, 16.19062
15.88883, 16.1873
15.89218, 16.18318
15.89509, 16.17882
15.89743, 16.17449
15.89836, 16.17023
15.89818, 16.16476
15.89658, 16.15874
15.89335, 16.15201
15.8889, 16.14475
15.88387, 16.1381
15.87659, 16.12992
15.86805, 16.12189
15.85825, 16.11382
15.84567, 16.10432
15.83351, 16.09545
15.82066, 16.08611
15.80677, 16.07616
15.79396, 16.0674
15.77854, 16.05702
15.76334, 16.04697
15.74855, 16.03752
15.73311, 16.02838
15.71464, 16.01471
15.69617, 16.00104
15.67769, 15.98736
15.65922, 15.97369
15.64075, 15.96002
15.62227, 15.94635
15.6038, 15.93268
15.58533, 15.919
15.56686, 15.90533
15.54838, 15.89166
15.52991, 15.87799
15.51144, 15.86432
15.49297, 15.85065
15.47449, 15.83698
15.46405, 15.84067
15.45508, 15.843
15.44407, 15.84462
15.43273, 15.8453
15.42037, 15.84526
15.40692, 15.84474
15.39452, 15.84371
15.37875, 15.84178
15.36132, 15.83878
15.34218, 15.83478
15.31843, 15.82862
15.29607, 15.82189
15.27176, 15.81377
15.24613, 15.80426
15.22354, 15.79512
15.19056, 15.78088
15.16618, 15.76993
15.13309, 15.75526
15.10507, 15.74329
15.08027, 15.73374
15.05031, 15.72391
15.02313, 15.71604
14.99092, 15.70753
14.9576, 15.69968
14.92845, 15.69301
14.89802, 15.68624
14.86681, 15.67972
14.84866, 15.6763
14.81183, 15.67156
14.78006, 15.66945
14.74149, 15.66936
14.70734, 15.67084
14.67686, 15.67253
14.63792, 15.67397
14.61025, 15.67437
14.57765, 15.67294
14.54091, 15.66954
14.50682, 15.66514
14.47386, 15.6602
14.44101, 15.65511
14.41159, 15.65067
14.37618, 15.64541
14.34072, 15.63999
14.30222, 15.63346
14.26463, 15.62613
14.23604, 15.61999
14.1875, 15.60889
14.15339, 15.6007
14.11712, 15.59231
14.07733, 15.58432
14.04264, 15.57929
14.00176, 15.57549
13.96326, 15.57334
13.9283, 15.5719
13.8986, 15.57109
13.86086, 15.5698
13.82201, 15.56863
13.78337, 15.56832
13.75015, 15.56926
13.71101, 15.57257
13.67128, 15.57731
13.63066, 15.58343
13.57734, 15.59171
13.53023, 15.59817
13.49348, 15.60106
13.45948, 15.60201
13.42623, 15.6015
13.3833, 15.59899
13.3504, 15.59612
13.31459, 15.59277
13.27608, 15.58951
13.23917, 15.58663
13.19659, 15.58283
13.16181, 15.57869
13.11958, 15.57158
13.07443, 15.56272
13.03522, 15.55375
12.99809, 15.54531
12.95552, 15.5369
12.92628, 15.53231
12.88504, 15.52846
12.84666, 15.52594
12.81414, 15.52462
12.7722, 15.5231
12.74084, 15.522
12.70314, 15.52067
12.66439, 15.51985
12.63135, 15.52029
12.58155, 15.52293
12.54175, 15.52694
12.5023, 15.53167
12.46341, 15.53625
12.42909, 15.53919
12.39034, 15.54057
12.35429, 15.5392
12.31906, 15.53603
12.28318, 15.53177
12.25305, 15.52754
12.21889, 15.52243
12.18475, 15.5177
12.15029, 15.51358
12.11025, 15.50797
12.07486, 15.50174
12.0395, 15.49383
12.00348, 15.48425
11.97316, 15.4749
11.93844, 15.46358
11.90648, 15.45379
11.86888, 15.44367
11.83607, 15.43704
11.80768, 15.4324
11.7752, 15.42787
11.74432, 15.42401
11.71499, 15.42022
11.68115, 15.41529
11.65081, 15.41096
11.62086, 15.40726
11.59131, 15.40483
11.56588, 15.4046
11.5363, 15.4062
11.50648, 15.40923
11.48086, 15.41259
11.44613, 15.41672
11.42041, 15.41911
11.39251, 15.42071
11.36558, 15.42112
11.33902, 15.42021
11.30941, 15.41779
11.28505, 15.41497
11.26272, 15.41201
11.24112, 15.4092
11.22268, 15.40693
11.20138, 15.40428
11.1805, 15.40135
11.15965, 15.39783
11.13842, 15.39327
11.12064, 15.38886
11.10132, 15.38325
11.08346, 15.37715
11.06689, 15.37028
11.04849, 15.36134
11.03333, 15.35331
11.01903, 15.34542
11.00608, 15.33817
10.99552, 15.33282
10.9837, 15.32784
10.97309, 15.32406
10.96444, 15.32181
10.95693, 15.3208
10.95091, 15.3205
10.94458, 15.32055
10.93991, 15.32108
10.93674, 15.32193
10.93264, 15.32243
10.92845, 15.32254
10.92471, 15.32245
10.92104, 15.32222
10.9178, 15.32198
10.91387, 15.32155
10.91067, 15.32102
10.90555, 15.31957
10.90088, 15.31749
10.89692, 15.31495
10.89232, 15.31125
10.88762, 15.30657
10.88297, 15.30109
10.87764, 15.29451
10.87216, 15.28736
10.86749, 15.28055
10.86361, 15.2744
10.85939, 15.26797
10.85426, 15.26136
10.84808, 15.25461
10.84035, 15.24793
10.83007, 15.24037
10.81997, 15.23424
10.80872, 15.22826
10.7956, 15.22195
10.7832, 15.21638
10.7676, 15.20992
10.75071, 15.20368
10.73307, 15.19779
10.71407, 15.19206
10.6967, 15.18731
10.67737, 15.17323
10.65803, 15.15915
10.6387, 15.14507
10.61937, 15.13099
10.60004, 15.11691
10.5807, 15.10283
10.56137, 15.08875
10.54204, 15.07467
10.5227, 15.06059
10.50337, 15.04651
10.48404, 15.03243
10.47944, 15.0304
10.47226, 15.02613
10.46562, 15.02139
10.4586, 15.01572
10.45239, 15.01005
10.44532, 15.0026
10.43827, 14.99452
10.43079, 14.98582
10.42299, 14.97668
10.41601, 14.96918
10.40812, 14.9622
10.39963, 14.95578
10.39177, 14.95048
10.3824, 14.94464
10.37243, 14.93918
10.36139, 14.93413
10.34941, 14.92968
10.33819, 14.92629
10.32338, 14.92279
10.30681, 14.91973
10.28881, 14.91702
10.26678, 14.91421
10.2462, 14.9117
10.22464, 14.90927
10.2026, 14.90746
10.18297, 14.90651
10.1595, 14.90643
10.13512, 14.9072
10.10954, 14.90844
10.0835, 14.90946
10.06106, 14.90936
10.03437, 14.90769
10.00674, 14.90387
9.979578, 14.89832
9.949497, 14.89041
9.923288, 14.88262
9.896033, 14.87385
9.868005, 14.86395
9.8438, 14.85449
9.815276, 14.84205
9.786233, 14.82768
9.756826, 14.81088
9.727756, 14.79257
9.703055, 14.77596
9.673511, 14.75621
9.643819, 14.7374
9.613661, 14.72026
9.577989, 14.70197
9.546432, 14.68687
9.515436, 14.67249
9.484913, 14.6585
9.458308, 14.64618
9.426651, 14.63156
9.394319, 14.61744
9.361067, 14.60503
9.326153, 14.59448
9.294534, 14.58565
9.257618, 14.5765
9.220736, 14.56764
9.18372, 14.55716
9.142879, 14.54328
9.107864, 14.5286
9.072826, 14.51178
9.038507, 14.49402
9.009788, 14.47825
8.976198, 14.45989
8.942121, 14.44095
8.907898, 14.4211
8.874127, 14.40057
8.845103, 14.38177
8.810879, 14.35738
8.777291, 14.33197
8.745128, 14.3066
8.707589, 14.27757
8.674129, 14.25296
8.640776, 14.23103
8.606478, 14.21037
8.57693, 14.19373
8.543184, 14.17498
8.509777, 14.15632
8.476372, 14.13711
8.44208, 14.11694
8.411916, 14.09951
8.375933, 14.08031
8.338538, 14.06275
8.300622, 14.04675
8.256363, 14.03003
8.217549, 14.01586
8.179382, 14.00037
8.143501, 13.98383
8.114678, 13.96893
8.08141, 13.94996
8.049157, 13.93021
8.017064, 13.9099
7.984531, 13.88946
7.956146, 13.87176
7.922437, 13.85032
7.889584, 13.82832
7.85773, 13.80479
7.821757, 13.77596
7.790202, 13.74893
7.759763, 13.72177
7.72818, 13.6948
7.70034, 13.67253
7.668247, 13.64929
7.636162, 13.62824
7.603679, 13.60819
7.571683, 13.5891
7.544724, 13.57292
7.513331, 13.5539
7.481657, 13.53452
7.449872, 13.51602
7.412342, 13.49725
7.378868, 13.484
7.344851, 13.47184
7.309786, 13.46024
7.280344, 13.45054
7.246046, 13.43793
7.212763, 13.42382
7.181369, 13.40811
7.150821, 13.39076
7.12502, 13.3745
7.096253, 13.35536
7.068003, 13.33632
7.04003, 13.31774
7.007872, 13.29675
6.979883, 13.27816
6.953124, 13.2594
6.927381, 13.2401
6.90527, 13.22258
6.880518, 13.2022
6.85566, 13.18135
6.830049, 13.16072
6.804366, 13.1412
6.784584, 13.12749
6.755604, 13.10885
6.728497, 13.09239
6.702302, 13.07707
6.673335, 13.06035
6.648, 13.04592
6.622651, 13.03212
6.597167, 13.0194
6.5748, 13.00986
6.548628, 13.00163
6.522728, 12.99484
6.496953, 12.98844
6.471468, 12.98234
6.451258, 12.97672
6.42975, 12.96947
6.408827, 12.96101
6.38798, 12.95117
6.365989, 12.93987
6.348798, 12.93086
6.332112, 12.9218
6.315485, 12.91214
6.301161, 12.90315
6.285091, 12.89209
6.26936, 12.87979
6.254284, 12.8659
6.239984, 12.85072
6.228136, 12.83646
6.215244, 12.8181
6.202845, 12.7989
6.190576, 12.77924
6.176107, 12.75676
6.163059, 12.73763
6.150171, 12.7194
6.13641, 12.70117
6.123924, 12.68559
6.108697, 12.6674
6.093779, 12.65007
6.079941, 12.63335
6.066517, 12.61725
6.054952, 12.60346
6.041704, 12.58776
6.028684, 12.57249
6.015477, 12.55801
5.99964, 12.5415
5.985054, 12.52707
5.96958, 12.51232
5.953432, 12.49725
5.938853, 12.48364
5.92092, 12.46688
5.901774, 12.44919
5.89031, 12.42838
5.878846, 12.40757
5.867382, 12.38675
5.855917, 12.36594
5.844453, 12.34513
5.832989, 12.32432
5.821525, 12.30351
5.810061, 12.28269
5.798597, 12.26188
5.787133, 12.24107
5.775669, 12.22026
5.764205, 12.19945
5.75274, 12.17863
5.741276, 12.15782
5.729813, 12.13701
5.726938, 12.12956
5.72486, 12.12217
5.722827, 12.1138
5.721258, 12.10324
5.720613, 12.09227
5.721032, 12.07968
5.72265, 12.06573
5.724824, 12.05302
5.727733, 12.03668
5.730904, 12.01922
5.734225, 12.00048
5.737162, 11.98091
5.739548, 11.96436
5.741436, 11.94527
5.741741, 11.92719
5.739378, 11.90894
5.734169, 11.88959
5.728878, 11.87416
5.723217, 11.86036
5.71611, 11.84693
5.707653, 11.83506
5.6956, 11.82178
5.681253, 11.80913
5.664277, 11.79778
5.644912, 11.78851
5.626675, 11.78207
5.603627, 11.77494
5.579042, 11.76733
5.554609, 11.75907
5.527884, 11.74788
5.505019, 11.73531
5.483064, 11.71986
5.462527, 11.70249
5.445902, 11.68679
5.426749, 11.66773
5.406565, 11.6479
5.385466, 11.62741
5.36378, 11.60632
5.345287, 11.58772
5.323895, 11.56478
5.302593, 11.53993
5.281421, 11.51317
5.257915, 11.48121
5.237173, 11.4525
5.215392, 11.42363
5.192816, 11.39602
5.172531, 11.3742
5.148226, 11.35049
5.123653, 11.32785
5.09963, 11.30577
5.076452, 11.28401
5.056443, 11.26485
5.032446, 11.24187
5.007852, 11.21904
4.982081, 11.19722
4.950193, 11.17398
4.919783, 11.1543
4.888002, 11.13563
4.855783, 11.1173
4.827425, 11.10025
4.794859, 11.07885
4.764717, 11.05661
4.736286, 11.03287
4.709156, 11.00782
4.687046, 10.98633
4.662234, 10.96233
4.637345, 10.93882
4.610824, 10.91466
4.579941, 10.88592
4.55303, 10.8593
4.527233, 10.83105
4.501926, 10.80035
4.480512, 10.77225
4.455982, 10.73788
4.430528, 10.70254
4.403886, 10.66806
4.372951, 10.63323
4.344864, 10.60586
4.315636, 10.57965
4.286709, 10.55487
4.26276, 10.53438
4.234832, 10.51022
4.206032, 10.48512
4.176756, 10.46048
4.147262, 10.43759
4.121044, 10.42015
4.088765, 10.40135
4.055668, 10.38274
4.021938, 10.36505
3.983475, 10.34299
3.951472, 10.32178
3.923481, 10.29884
3.89677, 10.2741
3.875066, 10.25168
3.851226, 10.22554
3.828318, 10.2004
3.805285, 10.17509
3.78164, 10.14988
3.761468, 10.128
3.739002, 10.10259
3.717486, 10.07606
3.696812, 10.04747
3.674042, 10.01366
3.655255, 9.983907
3.636072, 9.954319
3.61699, 9.926133
3.600508, 9.903888
3.580254, 9.879192
3.55906, 9.855039
3.538258, 9.832463
3.517914, 9.811078
3.500576, 9.79293
3.480152, 9.771489
3.459605, 9.750271
3.438169, 9.7292
3.412247, 9.706524
3.388145, 9.688197
3.363024, 9.671139
3.337106, 9.655165
3.314619, 9.641388
3.288177, 9.624148
3.262759, 9.606071
3.239086, 9.587502
3.216704, 9.568072
3.197664, 9.550025
3.176884, 9.528951
3.157274, 9.50808
3.138285, 9.487911
3.116778, 9.465079
3.097534, 9.44487
3.078686, 9.424068
3.058945, 9.400143
3.045731, 9.382567
3.028721, 9.357693
3.012103, 9.330478
2.996295, 9.300923
2.979343, 9.268115
2.965814, 9.242404
2.94891, 9.21147
2.934465, 9.187091
2.916854, 9.159897
2.895713, 9.129732
2.876945, 9.104276
2.858333, 9.079227
2.840188, 9.054069
2.825008, 9.032233
2.807178, 9.005763
2.789494, 8.978814
2.771561, 8.95191
2.752876, 8.925476
2.736053, 8.903831
2.71518, 8.879438
2.692886, 8.855804
2.670604, 8.832785
2.646745, 8.806025
2.626531, 8.781555
2.608185, 8.757565
2.59087, 8.732956
2.576136, 8.710692
2.559846, 8.68491
2.544441, 8.659362
2.52938, 8.633891
2.51394, 8.607574
2.500613, 8.584738
2.484325, 8.556047
2.466574, 8.522972
2.452888, 8.494582
2.438919, 8.461466
2.427819, 8.431547
2.41744, 8.399677
2.407385, 8.367093
2.398346, 8.338691
2.387599, 8.305888
2.375899, 8.274532
2.364213, 8.246681
2.354035, 8.223374
2.342611, 8.198963
2.32954, 8.171811
2.316929, 8.145874
2.304631, 8.12024
2.290421, 8.09112
2.277529, 8.066125
2.263581, 8.041382
2.248149, 8.016681
2.233331, 7.99523
2.214276, 7.969479
2.193714, 7.94379
2.172704, 7.918251
2.151735, 7.892263
2.134812, 7.869984
2.117193, 7.844456
2.10145, 7.819531
2.08725, 7.794614
2.072611, 7.76747
2.061009, 7.745382
2.0502, 7.724514
2.038705, 7.703337
2.028542, 7.685173
2.016922, 7.664336
2.004413, 7.641205
1.991703, 7.616093
1.981393, 7.594524
1.972688, 7.575619
1.962673, 7.553071
1.952921, 7.529682
1.943052, 7.505081
1.931535, 7.474724
1.921015, 7.445658
1.910779, 7.415557
1.900518, 7.385182
1.892643, 7.362365
1.88247, 7.332524
1.874892, 7.310289
1.865229, 7.283278
1.855948, 7.258582
1.848365, 7.239322
1.839677, 7.219134
1.830073, 7.201276
1.820892, 7.186212
1.811047, 7.171852
1.817389, 7.146813
1.823731, 7.121774
1.830073, 7.096735
1.836415, 7.071695
1.83749, 7.064569
1.839886, 7.057517
1.842791, 7.050571
1.845085, 7.044495
1.848128, 7.034892
1.850845, 7.026533
1.853386, 7.017717
1.856301, 7.005947
1.857822, 6.997371
1.858761, 6.983849
1.858163, 6.970575
1.857346, 6.960268
1.85597, 6.948001
1.853712, 6.935599
1.850359, 6.923738
1.844842, 6.909309
1.839524, 6.897308
1.830341, 6.879624
1.818306, 6.860092
1.806435, 6.843509
1.788142, 6.821405
1.773642, 6.805355
1.758835, 6.789181
1.739147, 6.766724
1.72764, 6.752083
1.712113, 6.729505
1.698534, 6.706818
1.687096, 6.685301
1.675214, 6.660779
1.667878, 6.645512
1.653658, 6.616473
1.64117, 6.590821
1.62853, 6.564591
1.614625, 6.533768
1.603053, 6.505179
1.59183, 6.473964
1.58196, 6.4424
1.57483, 6.415283
1.566507, 6.38277
1.558052, 6.350297
1.548973, 6.318464
1.538544, 6.286906
1.527866, 6.259987
1.513878, 6.22866
1.499009, 6.198153
1.483846, 6.168558
1.46639, 6.135343
1.450773, 6.106055
1.434538, 6.07729
1.417488, 6.049432
1.401863, 6.026608
1.382439, 6.000897
1.36203, 5.975693
1.34142, 5.949967
1.321481, 5.923705
1.305825, 5.901039
1.28941, 5.873942
1.274267, 5.845159
1.260971, 5.815585
1.248256, 5.784818
1.236135, 5.755422
1.224908, 5.727829
1.214685, 5.702153
1.204235, 5.674425
1.194214, 5.645059
1.185668, 5.614925
1.178823, 5.583686
1.173238, 5.55187
1.169499, 5.524133
1.165365, 5.491452
1.160916, 5.45936
1.155691, 5.428971
1.148229, 5.395021
1.140416, 5.365223
1.131969, 5.336518
1.123285, 5.308952
1.11577, 5.285929
1.10691, 5.258997
1.097762, 5.232101
1.087899, 5.205161
1.076791, 5.178695
1.065661, 5.156429
1.051847, 5.131144
1.036844, 5.10597
1.020931, 5.080584
1.003129, 5.051123
0.9886233, 5.025143
0.9756745, 4.99872
0.9646151, 4.973128
0.9559599, 4.951472
0.9467705, 4.92584
0.9378624, 4.900764
0.9287468, 4.876042
0.9188607, 4.85089
0.9101792, 4.828886
0.9008406, 4.80425
0.8902495, 4.774984
0.8812735, 4.746581
0.872196, 4.71279
0.8656523, 4.681704
0.8608437, 4.648956
0.8569263, 4.615605
0.85324, 4.587173
0.8486616, 4.553399
0.843751, 4.520852
0.8379917, 4.490146
0.8310528, 4.458729
0.824828, 4.432005
0.8177444, 4.40186
0.810857, 4.371747
0.8045188, 4.3409
0.7976729, 4.305271
0.7910919, 4.273715
0.7833909, 4.242348
0.7741477, 4.211435
0.76507, 4.184944
0.7527966, 4.153036
0.7394722, 4.120667
0.7267876, 4.087968
0.7153296, 4.055786
0.7064118, 4.02895
0.6984252, 3.997005
0.6922444, 3.964165
0.6875448, 3.932065
0.6830193, 3.896815
0.6789169, 3.866381
0.6741506, 3.834203
0.669632, 3.804655
0.6651195, 3.77349
0.6611843, 3.740562
0.6585595, 3.707444
0.6576202, 3.674425
0.6577593, 3.64086
0.6591752, 3.611778
0.6613458, 3.578135
0.6633431, 3.543528
0.6644295, 3.509594
0.6635554, 3.471865
0.6616165, 3.439251
0.6585838, 3.407756
0.6552051, 3.377309
0.6521593, 3.352056
0.6487007, 3.322505
0.6450811, 3.292355
0.6411629, 3.262987
0.6363136, 3.23412
0.6308913, 3.209884
0.6231396, 3.181924
0.6139218, 3.152994
0.6032403, 3.123602
0.5907294, 3.090889
0.5796029, 3.061644
0.5693729, 3.032397
0.5609106, 3.004477
0.5550737, 2.982001
0.5490087, 2.955612
0.5438887, 2.929766
0.5391998, 2.90519
0.5350384, 2.882461
0.5312675, 2.863535
0.5261862, 2.841049
0.521464, 2.81889
0.5168189, 2.79733
0.5118536, 2.772617
0.5082512, 2.751041
0.5055984, 2.729102
0.5035836, 2.706308
0.5023996, 2.686026
0.5018138, 2.661544
0.5014105, 2.636243
0.5012404, 2.610372
0.5011524, 2.579759
0.5014857, 2.553324
0.5017303, 2.527856
0.5021096, 2.50282
0.5024341, 2.482335
0.5023982, 2.458776
0.5018041, 2.436186
0.5007563, 2.415478
0.4995228, 2.395817
0.4982884, 2.38009
0.4961942, 2.363049
0.4934732, 2.346969
0.4986202, 2.325577
0.5037673, 2.304185
0.5089144, 2.282793
0.5140614, 2.261401
0.5192084, 2.240009
0.5243555, 2.218617
0.5295025, 2.197226
0.5346496, 2.175833
0.5322913, 2.16304
0.5301661, 2.150418
0.5285327, 2.13954
0.5270051, 2.126143
0.5255241, 2.111801
0.5235999, 2.096707
0.5211169, 2.07864
0.5186859, 2.062073
0.5158236, 2.044029
0.5126646, 2.024542
0.5098832, 2.006577
0.5067793, 1.98397
0.5039001, 1.95944
0.5016591, 1.932875
0.5002267, 1.905289
0.5000425, 1.880313
0.5011965, 1.850465
0.5030065, 1.820211
0.5047582, 1.790045
0.5059667, 1.756656
0.5054848, 1.727761
0.5036006, 1.698134
0.5005655, 1.66886
0.4974097, 1.644283
0.4930217, 1.615601
0.4883556, 1.58676
0.4830501, 1.557621
0.4769607, 1.528635
0.4704238, 1.503813
0.4607468, 1.47443
0.4491986, 1.444522
0.4360873, 1.414535
0.4205135, 1.382203
0.4074659, 1.354237
0.3957026, 1.326639
0.3857614, 1.300247
0.3782312, 1.277422
0.3705422, 1.24929
0.3637736, 1.220562
0.3580229, 1.192514
0.3524681, 1.164839
0.3474427, 1.140034
0.3415155, 1.109988
0.3358965, 1.079652
0.3307492, 1.048297
0.3269811, 1.012148
0.3255858, 0.9801213
0.3255844, 0.9475761
0.3266192, 0.914578
0.3274427, 0.8853337
0.3280764, 0.8516269
0.3279828, 0.81912
0.3267199, 0.7878155
0.3244979, 0.7572572
0.3218132, 0.7306931
0.3176993, 0.7001944
0.3128461, 0.6707558
0.3073978, 0.6420968
0.3009138, 0.6091666
0.2948353, 0.5803176
0.2878478, 0.5516171
0.2794881, 0.5234564
0.2710223, 0.49963
0.2598807, 0.4725059
0.2477591, 0.4465547
0.2350553, 0.4213232
0.2217669, 0.3957445
0.2107444, 0.3736519
0.1992793, 0.348343
0.1891875, 0.3231854
